# The following is a test case list for our project:

3000 3109 
3001 3128 

3002 3434 

3013 
3246 3243 3252 3149 

3436 
3115 
3246 3335 

3417 3011 

3262 
3389 

3166 
3360 3426 3283 
3129 3486 3057 3409 
3348 3191 

3114 3387 3191 

3273 3193 
3117 3357 3022 
3107 

3468 3278 

3047 

3006 3477 3274 
3329 

3254 

3258 3273 3132 3384 3188 

3156 3496 
3137 

3126 3086 

3280 
3027 3129 3430 
3407 

3020 

3480 3231 3318 3050 

3434 

3232 
3021 3108 3397 
3330 3270 3204 3391 
3324 3195 3486 3290 

3031 
3296 

3421 
3161 

3175 
3208 
3305 

3470 

3128 

3002 

3434 

3209 

3039 3201 3301 
3237 3392 

3226 
3342 3156 3226 
3236 

3072 3192 3313 
3337 
3184 
3162 3380 

3248 

3198 3300 3125 

3461 

3348 3357 3400 
3366 3313 
3315 3021 3264 3014 

3214 
3109 
3004 
3030 3029 

3087 3048 3224 

3225 3040 
3058 
3305 

3452 

3434 

3441 3213 3141 3093 3274 
3302 

3376 
3478 
3358 
3194 

3032 

3433 
3061 
3104 

3481 
3236 

3218 

3471 3374 

3347 

3025 
3309 3005 

3362 

3079 
3481 
3360 3283 
3014 

3462 3234 3449 

3439 
3186 3147 3032 

3218 

3099 3477 3413 

3425 

3147 3263 

3434 

3186 3305 

3438 3479 

3435 3075 3436 
3151 
3150 3121 
3350 

3478 
3063 3196 
3154 
3357 3131 

3428 

3014 

3276 3277 
3437 

3339 