# The following is a test case list for our project:

3000 3169 
3001 3050 

3002 3257 

3175 
3410 

3095 

3385 
3471 3373 
3421 
3324 3084 3123 3199 
3348 3268 
3403 
3193 
3384 3355 
3318 3029 

3469 
3178 
3320 

3262 
3231 3454 
3023 

3238 
3437 

3240 3450 3196 
3376 
3180 3450 3151 
3013 
3126 3498 3324 3048 3187 
3459 3469 
3446 

3136 
3207 3382 
3053 

3074 

3095 

3373 
3457 
3051 3114 3202 
3370 
3041 

3326 

3380 

3005 

3380 

3454 
3279 3222 3427 
3144 3464 

3493 
3444 3471 3092 

3464 

3076 
3195 3442 
3099 3190 
3334 
3173 

3166 
3380 

3060 3040 
3462 3087 3450 3239 

3047 

3483 3228 3361 
3137 

3416 

3302 

3093 3060 3045 3148 
3146 

3492 3279 3459 3116 

3414 3179 

3069 3321 3486 3135 3151 
3336 3076 
3079 
3149 

3268 
3234 3189 3205 
3461 

3473 

3118 
3030 3142 
3168 3028 
3303 3212 

3008 

3140 

3251 

3280 
3223 
3399 3343 
3447 3336 3433 
3498 3417 3046 
3141 3225 3356 

3408 3387 3278 

3428 

3494 

3329 

3148 
3372 3270 3108 3123 3274 
3432 3303 3419 

3061 
3327 3300 3425 

3085 
3214 
3365 

3469 
3395 

3414 3053 

3462 3093 3210 3064 
3076 
3195 3398 

3236 

3016 
3147 3205 
3111 3392 

3453 3315 3026 

3398 

3078 3149 

3162 3116 

3433 
3108 3248 

3430 
3047 

3387 3349 
